rating_home  0.008831 -0.002169 -0.012793 -0.001276
rating_away  0.025593 -0.012751 -0.005655  0.060963
5HW         -0.007932  0.002198  0.034323 -0.145240
5AW          0.202668  0.052700 -0.002444  0.089402
5HD          0.024545  0.012053 -0.003253  0.003942
5AD         -0.012143  0.002259  0.006395 -0.010065
5HL          0.026512 -0.005904 -0.031986  0.132092
5AL         -0.168772 -0.056227  0.006243 -0.055222
5FTHGS      -0.015481 -0.001674  0.018419 -0.151700
5FTHGC      -0.002040 -0.010732 -0.031793  0.108763
5FTAGS       0.205932  0.066572  0.010003  0.096995
5FTAGC      -0.119049 -0.026945 -0.002618 -0.037261
5HST         0.010540  0.001876  0.039592 -0.134140
5AST         0.222930  0.070434  0.036708  0.099153
5HC         -0.004600  0.020571  0.030904 -0.114159
5AC          0.178428  0.054967  0.012817  0.060628
5HR          0.012998  0.007655  0.006696  0.033263
5AR          0.000760  0.003930  0.016010 -0.028016
H2H5FTHGS    0.233577 -0.026560  0.178386 -0.181032
H2H5FTAGS    0.453818  0.161213  0.016177  0.120623
H2H5FTHGC    0.453818  0.161213  0.016177  0.120623
H2H5FTAGC    0.233577 -0.026560  0.178386 -0.181032
H2H5HST      0.333574  0.002589  0.167001 -0.110541
H2H5AST      0.721826  0.188255  0.068874  0.078505
H2H5HC       0.313175  0.012574  0.141572 -0.099022
H2H5AC       1.000000  0.195774  0.104006  0.062846
H2H5HR       0.195774  1.000000  0.159569  0.020120
H2H5AR       0.104006  0.159569  1.000000 -0.020881
FTRN         0.062846  0.020120 -0.020881  1.000000